201D0030
20040004
0C000005
00408020
08000016
23BDFFF8
AFA40004
AFBF0000
20080002
0088402A
10080003
20020001
23BD0008
03E00008
2084FFFF
0C000005
8FBF0000
8FA40004
23BD0008
00820019
00001012
03E00008
08000000
00000000
00000000
00000000
00000000
00000000
00000000
00000000
00000000
00000000
00000000
00000000
00000000
00000000
00000000
00000000
00000000
00000000
00000000
00000000
00000000
00000000
00000000
00000000
00000000
00000000
00000000
00000000
00000000
00000000
00000000
00000000
00000000
00000000
00000000
00000000
00000000
00000000
00000000
00000000
00000000
00000000